homeassistant_name: 00000000
homeassistant_latitude: 0.00000
homeassistant_longitude: 0.00000
homeassistant_elevation: 0
homeassistant_time_zone: 00000000
http_server_port: 0
http_api_password: 00000000
influxdb_host: 00000000
influxdb_username: 00000000
influxdb_password: 00000000
influxdb_database: 00000000
recorder_db_url: 00000000
mqtt_broker: 00000000
mqtt_port: 00000000
mqtt_client_id: 00000000
mqtt_username: 00000000
mqtt_password: 00000000
openweathermap_api_key: 00000000
